Initial Population: 
 [[ 0.19013933  0.49932295 -0.71031496 -0.87902079]
 [-0.38737973  0.10310433 -0.46057043  0.96220353]
 [ 0.46419207  0.52982444  0.96245022  0.87724295]
 [-0.97618963  0.48251636  0.83531465 -0.99398751]
 [ 0.4371578   0.25422119  0.99874774  0.31256415]
 [ 0.48401405  0.5088361  -0.58707272 -0.3671232 ]
 [ 0.74197055 -0.33606849  0.53818946  0.91443654]
 [-0.64129293  0.09177573  0.754505    0.67654376]
 [-0.10632351 -0.27850208  0.91056885  0.32052375]
 [ 0.75083099  0.79768333 -0.95771607  0.7838031 ]
 [ 0.64919387  0.39406856  0.08229287 -0.66464939]
 [ 0.95477173  0.8999942  -0.84274705 -0.95275247]
 [-0.40354658  0.75323585  0.8851451  -0.37949815]
 [-0.95592385 -0.94265767  0.32167074 -0.25100855]
 [ 0.45747308  0.38266579 -0.24821378 -0.32051316]
 [ 0.76985793 -0.67200002 -0.09307332  0.55473282]
 [-0.68020804 -0.83630227  0.66258989 -0.32753501]
 [ 0.49322074 -0.72629676 -0.64019288  0.05137233]
 [ 0.53620666 -0.46072343 -0.40956718  0.15827153]
 [-0.33878532 -0.10512952 -0.92899122 -0.66868811]
 [-0.37947836  0.94992294  0.04770416 -0.96706231]
 [-0.00719954  0.73798889 -0.37270174 -0.46654459]
 [ 0.08961748  0.9789038   0.27053903 -0.65246364]
 [-0.54156849  0.57760541 -0.95554011 -0.53429319]
 [ 0.76121794  0.76933362  0.1534196  -0.38099405]
 [-0.36516095 -0.76044523  0.56401741 -0.0846253 ]
 [ 0.49605737 -0.46117112 -0.54437317 -0.26803487]
 [ 0.69559133  0.25723219  0.77880065 -0.72663066]
 [ 0.40290755  0.84261579  0.07546647  0.04992313]
 [-0.62233361  0.16225637  0.30044239  0.71028792]]
Original Generation fitnesses: 
 [7655, 147, 105, 1877, 110, 2813, 104, 88, 113, 148, 134, 1128, 133, 459, 208, 94, 397, 243, 94, 13985, 6482, 29177, 213, 53724, 137, 133, 449, 143, 124, 148]
Generation 1 fitnesses:
[149, 148, 2449, 94, 148, 132, 110, 104, 9520, 9519, 133, 143, 143, 148, 148, 148, 208, 214, 253, 397, 449, 459, 1129, 1874, 2812, 4753, 9515, 18794, 32919, 53695]
Current best: [-0.54156849  0.57760541 -0.95554011 -0.53429319]
Current best fitness: 53695
Average fitness: 5023.566666666667
New Population:
 [[ 0.19013933 -0.87902079 -0.71031496  0.49932295]
 [ 0.19013933 -0.87902079 -0.71031496  0.49932295]
 [-0.46057043  0.10310433  0.19013933 -0.87902079]
 [-0.38737973  0.96220353  0.96245022  0.52982444]
 [-0.71031496  0.49932295  0.46419207  0.87724295]
 [ 0.19013933  0.52982444  0.96245022 -0.87902079]
 [ 0.46419207  0.52982444  0.96245022  0.87724295]
 [ 0.19013933  0.49932295  0.96245022  0.87724295]
 [ 0.19013933  0.49932295 -0.71031496 -0.87902079]
 [ 0.19013933  0.49932295 -0.71031496 -0.87902079]
 [ 0.64919387  0.39406856  0.08229287 -0.66464939]
 [ 0.76121794  0.76933362  0.1534196  -0.38099405]
 [ 0.69559133  0.25723219  0.77880065 -0.72663066]
 [-0.38737973  0.10310433 -0.46057043  0.96220353]
 [-0.62233361  0.16225637  0.30044239  0.71028792]
 [ 0.75083099  0.79768333 -0.95771607  0.7838031 ]
 [ 0.45747308  0.38266579 -0.24821378 -0.32051316]
 [ 0.08961748  0.9789038   0.27053903 -0.65246364]
 [ 0.49322074 -0.72629676 -0.64019288  0.05137233]
 [-0.68020804 -0.83630227  0.66258989 -0.32753501]
 [ 0.49605737 -0.46117112 -0.54437317 -0.26803487]
 [-0.95592385 -0.94265767  0.32167074 -0.25100855]
 [ 0.95477173  0.8999942  -0.84274705 -0.95275247]
 [-0.97618963  0.48251636  0.83531465 -0.99398751]
 [ 0.48401405  0.5088361  -0.58707272 -0.3671232 ]
 [-0.37947836  0.94992294  0.04770416 -0.96706231]
 [ 0.19013933  0.49932295 -0.71031496 -0.87902079]
 [-0.33878532 -0.10512952 -0.92899122 -0.66868811]
 [-0.00719954  0.73798889 -0.37270174 -0.46654459]
 [-0.54156849  0.57760541 -0.95554011 -0.53429319]]
Generation 2 fitnesses:
[183, 2350, 110, 203, 177, 94, 2219, 150, 150, 136, 148, 146, 150, 208, 214, 243, 398, 449, 460, 1130, 1874, 2450, 2812, 6247, 9524, 9522, 9520, 18815, 34959, 53737]
Current best: [-0.54156849  0.57760541 -0.95554011 -0.53429319]
Current best fitness: 53737
Average fitness: 5292.6
New Population:
 [[-0.46057043 -0.87902079  0.19013933  0.10310433]
 [-0.71031496 -0.87902079 -0.46057043 -0.87902079]
 [ 0.19013933  0.49932295  0.19013933  0.10310433]
 [ 0.19013933 -0.87902079  0.19013933 -0.87902079]
 [-0.71031496 -0.87902079  0.19013933  0.49932295]
 [ 0.19013933  0.10310433  0.19013933  0.49932295]
 [-0.46057043 -0.87902079 -0.71031496 -0.87902079]
 [ 0.19013933 -0.87902079 -0.71031496  0.49932295]
 [ 0.19013933 -0.87902079 -0.71031496  0.49932295]
 [-0.46057043  0.10310433 -0.71031496  0.49932295]
 [-0.71031496  0.49932295  0.46419207  0.87724295]
 [-0.38737973  0.10310433 -0.46057043  0.96220353]
 [ 0.19013933 -0.87902079 -0.71031496  0.49932295]
 [ 0.45747308  0.38266579 -0.24821378 -0.32051316]
 [ 0.08961748  0.9789038   0.27053903 -0.65246364]
 [ 0.49322074 -0.72629676 -0.64019288  0.05137233]
 [-0.68020804 -0.83630227  0.66258989 -0.32753501]
 [ 0.49605737 -0.46117112 -0.54437317 -0.26803487]
 [-0.95592385 -0.94265767  0.32167074 -0.25100855]
 [ 0.95477173  0.8999942  -0.84274705 -0.95275247]
 [-0.97618963  0.48251636  0.83531465 -0.99398751]
 [-0.46057043  0.10310433  0.19013933 -0.87902079]
 [ 0.48401405  0.5088361  -0.58707272 -0.3671232 ]
 [-0.37947836  0.94992294  0.04770416 -0.96706231]
 [ 0.19013933  0.49932295 -0.71031496 -0.87902079]
 [ 0.19013933  0.49932295 -0.71031496 -0.87902079]
 [ 0.19013933  0.49932295 -0.71031496 -0.87902079]
 [-0.33878532 -0.10512952 -0.92899122 -0.66868811]
 [-0.00719954  0.73798889 -0.37270174 -0.46654459]
 [-0.54156849  0.57760541 -0.95554011 -0.53429319]]
Generation 3 fitnesses:
[2450, 2734, 113, 108, 187, 2351, 2350, 2351, 2734, 110, 203, 208, 214, 253, 398, 449, 460, 1130, 1875, 2221, 2350, 2451, 2809, 4751, 9524, 9521, 9518, 18813, 25664, 53132]
Current best: [-0.54156849  0.57760541 -0.95554011 -0.53429319]
Current best fitness: 53132
Average fitness: 5381.066666666667
New Population:
 [[ 0.19013933  0.10310433 -0.46057043 -0.87902079]
 [-0.46057043 -0.87902079 -0.46057043 -0.87902079]
 [ 0.19013933  0.49932295  0.19013933  0.10310433]
 [ 0.19013933 -0.87902079  0.19013933  0.10310433]
 [-0.46057043 -0.87902079 -0.46057043  0.10310433]
 [-0.71031496 -0.87902079 -0.46057043 -0.87902079]
 [-0.71031496 -0.87902079 -0.46057043 -0.87902079]
 [-0.71031496 -0.87902079 -0.46057043 -0.87902079]
 [-0.46057043 -0.87902079 -0.46057043 -0.87902079]
 [ 0.19013933  0.49932295  0.19013933  0.10310433]
 [ 0.19013933 -0.87902079  0.19013933 -0.87902079]
 [ 0.45747308  0.38266579 -0.24821378 -0.32051316]
 [ 0.08961748  0.9789038   0.27053903 -0.65246364]
 [ 0.49322074 -0.72629676 -0.64019288  0.05137233]
 [-0.68020804 -0.83630227  0.66258989 -0.32753501]
 [ 0.49605737 -0.46117112 -0.54437317 -0.26803487]
 [-0.95592385 -0.94265767  0.32167074 -0.25100855]
 [ 0.95477173  0.8999942  -0.84274705 -0.95275247]
 [-0.97618963  0.48251636  0.83531465 -0.99398751]
 [-0.46057043 -0.87902079 -0.71031496 -0.87902079]
 [-0.71031496 -0.87902079 -0.46057043 -0.87902079]
 [-0.46057043  0.10310433  0.19013933 -0.87902079]
 [ 0.48401405  0.5088361  -0.58707272 -0.3671232 ]
 [-0.37947836  0.94992294  0.04770416 -0.96706231]
 [ 0.19013933  0.49932295 -0.71031496 -0.87902079]
 [ 0.19013933  0.49932295 -0.71031496 -0.87902079]
 [ 0.19013933  0.49932295 -0.71031496 -0.87902079]
 [-0.33878532 -0.10512952 -0.92899122 -0.66868811]
 [-0.00719954  0.73798889 -0.37270174 -0.46654459]
 [-0.54156849  0.57760541 -0.95554011 -0.53429319]]
Generation 4 fitnesses:
[146, 113, 94, 113, 187, 2397, 113, 113, 2730, 2732, 459, 1129, 1873, 2219, 2347, 2348, 2348, 2349, 2448, 2449, 2732, 2731, 2808, 4753, 7638, 9502, 9498, 11787, 32279, 53638]
Current best: [-0.54156849  0.57760541 -0.95554011 -0.53429319]
Current best fitness: 53638
Average fitness: 5535.766666666666
New Population:
 [[-0.46057043 -0.87902079  0.19013933  0.49932295]
 [ 0.19013933  0.49932295  0.19013933  0.10310433]
 [ 0.19013933  0.10310433  0.19013933  0.49932295]
 [ 0.19013933  0.49932295  0.19013933  0.10310433]
 [ 0.19013933 -0.87902079 -0.46057043  0.10310433]
 [ 0.19013933  0.49932295 -0.46057043 -0.87902079]
 [ 0.19013933  0.49932295  0.19013933  0.10310433]
 [ 0.19013933  0.10310433  0.19013933  0.10310433]
 [-0.46057043 -0.87902079 -0.46057043 -0.87902079]
 [-0.46057043 -0.87902079 -0.46057043 -0.87902079]
 [-0.95592385 -0.94265767  0.32167074 -0.25100855]
 [ 0.95477173  0.8999942  -0.84274705 -0.95275247]
 [-0.97618963  0.48251636  0.83531465 -0.99398751]
 [-0.46057043 -0.87902079 -0.71031496 -0.87902079]
 [-0.71031496 -0.87902079 -0.46057043 -0.87902079]
 [-0.71031496 -0.87902079 -0.46057043 -0.87902079]
 [-0.71031496 -0.87902079 -0.46057043 -0.87902079]
 [-0.71031496 -0.87902079 -0.46057043 -0.87902079]
 [ 0.19013933  0.10310433 -0.46057043 -0.87902079]
 [-0.46057043  0.10310433  0.19013933 -0.87902079]
 [-0.46057043 -0.87902079 -0.46057043 -0.87902079]
 [-0.46057043 -0.87902079 -0.46057043 -0.87902079]
 [ 0.48401405  0.5088361  -0.58707272 -0.3671232 ]
 [-0.37947836  0.94992294  0.04770416 -0.96706231]
 [ 0.19013933  0.49932295 -0.71031496 -0.87902079]
 [ 0.19013933  0.49932295 -0.71031496 -0.87902079]
 [ 0.19013933  0.49932295 -0.71031496 -0.87902079]
 [-0.33878532 -0.10512952 -0.92899122 -0.66868811]
 [-0.00719954  0.73798889 -0.37270174 -0.46654459]
 [-0.54156849  0.57760541 -0.95554011 -0.53429319]]
Generation 5 fitnesses:
[112, 94, 113, 113, 113, 94, 94, 148, 148, 93, 2221, 2349, 2349, 2347, 2348, 2399, 2448, 2449, 2732, 2731, 2732, 2732, 2807, 6765, 9505, 5871, 9505, 18769, 31026, 53647]
Current best: [-0.54156849  0.57760541 -0.95554011 -0.53429319]
Current best fitness: 53647
Average fitness: 5628.466666666666
New Population:
 [[ 0.19013933  0.10310433  0.19013933  0.10310433]
 [ 0.19013933  0.49932295  0.19013933  0.49932295]
 [ 0.19013933  0.49932295  0.19013933  0.10310433]
 [ 0.19013933  0.10310433  0.19013933  0.10310433]
 [ 0.19013933  0.49932295  0.19013933  0.10310433]
 [ 0.19013933  0.10310433  0.19013933  0.49932295]
 [ 0.19013933 -0.87902079  0.19013933  0.49932295]
 [-0.46057043 -0.87902079  0.19013933  0.49932295]
 [-0.46057043  0.10310433  0.19013933  0.49932295]
 [ 0.19013933  0.49932295  0.19013933  0.49932295]
 [-0.46057043 -0.87902079 -0.71031496 -0.87902079]
 [-0.71031496 -0.87902079 -0.46057043 -0.87902079]
 [-0.71031496 -0.87902079 -0.46057043 -0.87902079]
 [-0.71031496 -0.87902079 -0.46057043 -0.87902079]
 [-0.71031496 -0.87902079 -0.46057043 -0.87902079]
 [ 0.19013933  0.49932295 -0.46057043 -0.87902079]
 [ 0.19013933  0.10310433 -0.46057043 -0.87902079]
 [-0.46057043  0.10310433  0.19013933 -0.87902079]
 [-0.46057043 -0.87902079 -0.46057043 -0.87902079]
 [-0.46057043 -0.87902079 -0.46057043 -0.87902079]
 [-0.46057043 -0.87902079 -0.46057043 -0.87902079]
 [-0.46057043 -0.87902079 -0.46057043 -0.87902079]
 [ 0.48401405  0.5088361  -0.58707272 -0.3671232 ]
 [-0.37947836  0.94992294  0.04770416 -0.96706231]
 [ 0.19013933  0.49932295 -0.71031496 -0.87902079]
 [ 0.19013933  0.49932295 -0.71031496 -0.87902079]
 [ 0.19013933  0.49932295 -0.71031496 -0.87902079]
 [-0.33878532 -0.10512952 -0.92899122 -0.66868811]
 [-0.00719954  0.73798889 -0.37270174 -0.46654459]
 [-0.54156849  0.57760541 -0.95554011 -0.53429319]]
Generation 6 fitnesses:
[92, 113, 94, 113, 94, 113, 113, 113, 113, 94, 2219, 2349, 2349, 2348, 2349, 2397, 2448, 2448, 2732, 2732, 2731, 2731, 2809, 9512, 6765, 9841, 9509, 18767, 26255, 53621]
Current best: [-0.54156849  0.57760541 -0.95554011 -0.53429319]
Current best fitness: 53621
Average fitness: 5598.8
New Population:
 [[ 0.19013933  0.10310433  0.19013933  0.49932295]
 [ 0.19013933  0.49932295  0.19013933  0.10310433]
 [ 0.19013933  0.49932295  0.19013933  0.49932295]
 [ 0.19013933  0.49932295  0.19013933  0.10310433]
 [ 0.19013933  0.10310433  0.19013933  0.49932295]
 [ 0.19013933  0.49932295  0.19013933  0.10310433]
 [ 0.19013933  0.10310433  0.19013933  0.10310433]
 [ 0.19013933  0.49932295  0.19013933  0.10310433]
 [ 0.19013933  0.49932295  0.19013933  0.10310433]
 [ 0.19013933  0.49932295  0.19013933  0.49932295]
 [-0.46057043 -0.87902079 -0.71031496 -0.87902079]
 [-0.71031496 -0.87902079 -0.46057043 -0.87902079]
 [-0.71031496 -0.87902079 -0.46057043 -0.87902079]
 [-0.71031496 -0.87902079 -0.46057043 -0.87902079]
 [-0.71031496 -0.87902079 -0.46057043 -0.87902079]
 [ 0.19013933  0.49932295 -0.46057043 -0.87902079]
 [ 0.19013933  0.10310433 -0.46057043 -0.87902079]
 [-0.46057043  0.10310433  0.19013933 -0.87902079]
 [-0.46057043 -0.87902079 -0.46057043 -0.87902079]
 [-0.46057043 -0.87902079 -0.46057043 -0.87902079]
 [-0.46057043 -0.87902079 -0.46057043 -0.87902079]
 [-0.46057043 -0.87902079 -0.46057043 -0.87902079]
 [ 0.48401405  0.5088361  -0.58707272 -0.3671232 ]
 [ 0.19013933  0.49932295 -0.71031496 -0.87902079]
 [-0.37947836  0.94992294  0.04770416 -0.96706231]
 [ 0.19013933  0.49932295 -0.71031496 -0.87902079]
 [ 0.19013933  0.49932295 -0.71031496 -0.87902079]
 [-0.33878532 -0.10512952 -0.92899122 -0.66868811]
 [-0.00719954  0.73798889 -0.37270174 -0.46654459]
 [-0.54156849  0.57760541 -0.95554011 -0.53429319]]
Generation 7 fitnesses:
[93, 113, 113, 94, 94, 113, 94, 94, 94, 113, 2218, 2349, 2349, 2348, 2349, 2399, 2448, 2448, 2732, 2732, 2732, 2732, 2809, 4749, 9504, 10500, 9501, 18802, 31019, 53657]
Current best: [-0.54156849  0.57760541 -0.95554011 -0.53429319]
Current best fitness: 53657
Average fitness: 5713.066666666667
New Population:
 [[ 0.19013933  0.49932295  0.19013933  0.49932295]
 [ 0.19013933  0.49932295  0.19013933  0.10310433]
 [ 0.19013933  0.49932295  0.19013933  0.10310433]
 [ 0.19013933  0.49932295  0.19013933  0.49932295]
 [ 0.19013933  0.49932295  0.19013933  0.49932295]
 [ 0.19013933  0.10310433  0.19013933  0.10310433]
 [ 0.19013933  0.49932295  0.19013933  0.49932295]
 [ 0.19013933  0.10310433  0.19013933  0.49932295]
 [ 0.19013933  0.49932295  0.19013933  0.49932295]
 [ 0.19013933  0.49932295  0.19013933  0.10310433]
 [-0.46057043 -0.87902079 -0.71031496 -0.87902079]
 [-0.71031496 -0.87902079 -0.46057043 -0.87902079]
 [-0.71031496 -0.87902079 -0.46057043 -0.87902079]
 [-0.71031496 -0.87902079 -0.46057043 -0.87902079]
 [-0.71031496 -0.87902079 -0.46057043 -0.87902079]
 [ 0.19013933  0.49932295 -0.46057043 -0.87902079]
 [ 0.19013933  0.10310433 -0.46057043 -0.87902079]
 [-0.46057043  0.10310433  0.19013933 -0.87902079]
 [-0.46057043 -0.87902079 -0.46057043 -0.87902079]
 [-0.46057043 -0.87902079 -0.46057043 -0.87902079]
 [-0.46057043 -0.87902079 -0.46057043 -0.87902079]
 [-0.46057043 -0.87902079 -0.46057043 -0.87902079]
 [ 0.48401405  0.5088361  -0.58707272 -0.3671232 ]
 [-0.37947836  0.94992294  0.04770416 -0.96706231]
 [ 0.19013933  0.49932295 -0.71031496 -0.87902079]
 [ 0.19013933  0.49932295 -0.71031496 -0.87902079]
 [ 0.19013933  0.49932295 -0.71031496 -0.87902079]
 [-0.33878532 -0.10512952 -0.92899122 -0.66868811]
 [-0.00719954  0.73798889 -0.37270174 -0.46654459]
 [-0.54156849  0.57760541 -0.95554011 -0.53429319]]
Generation 8 fitnesses:
[93, 94, 94, 94, 94, 113, 113, 113, 113, 94, 2218, 2349, 2348, 2349, 2348, 2397, 2445, 2444, 2729, 2732, 2732, 2731, 2809, 6486, 7641, 9503, 9502, 20193, 32878, 53649]
Current best: [-0.54156849  0.57760541 -0.95554011 -0.53429319]
Current best fitness: 53649
Average fitness: 5783.266666666666
New Population:
 [[ 0.19013933  0.10310433  0.19013933  0.49932295]
 [ 0.19013933  0.49932295  0.19013933  0.49932295]
 [ 0.19013933  0.10310433  0.19013933  0.49932295]
 [ 0.19013933  0.49932295  0.19013933  0.49932295]
 [ 0.19013933  0.49932295  0.19013933  0.49932295]
 [ 0.19013933  0.49932295  0.19013933  0.10310433]
 [ 0.19013933  0.49932295  0.19013933  0.10310433]
 [ 0.19013933  0.49932295  0.19013933  0.10310433]
 [ 0.19013933  0.49932295  0.19013933  0.10310433]
 [ 0.19013933  0.49932295  0.19013933  0.49932295]
 [-0.46057043 -0.87902079 -0.71031496 -0.87902079]
 [-0.71031496 -0.87902079 -0.46057043 -0.87902079]
 [-0.71031496 -0.87902079 -0.46057043 -0.87902079]
 [-0.71031496 -0.87902079 -0.46057043 -0.87902079]
 [-0.71031496 -0.87902079 -0.46057043 -0.87902079]
 [ 0.19013933  0.49932295 -0.46057043 -0.87902079]
 [ 0.19013933  0.10310433 -0.46057043 -0.87902079]
 [-0.46057043  0.10310433  0.19013933 -0.87902079]
 [-0.46057043 -0.87902079 -0.46057043 -0.87902079]
 [-0.46057043 -0.87902079 -0.46057043 -0.87902079]
 [-0.46057043 -0.87902079 -0.46057043 -0.87902079]
 [-0.46057043 -0.87902079 -0.46057043 -0.87902079]
 [ 0.48401405  0.5088361  -0.58707272 -0.3671232 ]
 [-0.37947836  0.94992294  0.04770416 -0.96706231]
 [ 0.19013933  0.49932295 -0.71031496 -0.87902079]
 [ 0.19013933  0.49932295 -0.71031496 -0.87902079]
 [ 0.19013933  0.49932295 -0.71031496 -0.87902079]
 [-0.33878532 -0.10512952 -0.92899122 -0.66868811]
 [-0.00719954  0.73798889 -0.37270174 -0.46654459]
 [-0.54156849  0.57760541 -0.95554011 -0.53429319]]
Generation 9 fitnesses:
[106, 94, 113, 113, 94, 94, 94, 94, 94, 93, 2214, 2348, 2349, 2348, 2348, 2397, 2448, 2448, 2732, 2732, 2730, 2726, 2806, 6482, 9502, 9501, 9502, 20189, 25658, 53607]
Current best: [-0.54156849  0.57760541 -0.95554011 -0.53429319]
Current best fitness: 53607
Average fitness: 5601.866666666667
New Population:
 [[ 0.19013933  0.49932295  0.19013933  0.10310433]
 [ 0.19013933  0.10310433  0.19013933  0.49932295]
 [ 0.19013933  0.49932295  0.19013933  0.10310433]
 [ 0.19013933  0.49932295  0.19013933  0.10310433]
 [ 0.19013933  0.10310433  0.19013933  0.49932295]
 [ 0.19013933  0.10310433  0.19013933  0.49932295]
 [ 0.19013933  0.10310433  0.19013933  0.49932295]
 [ 0.19013933  0.10310433  0.19013933  0.49932295]
 [ 0.19013933  0.10310433  0.19013933  0.49932295]
 [ 0.19013933  0.10310433  0.19013933  0.49932295]
 [-0.46057043 -0.87902079 -0.71031496 -0.87902079]
 [-0.71031496 -0.87902079 -0.46057043 -0.87902079]
 [-0.71031496 -0.87902079 -0.46057043 -0.87902079]
 [-0.71031496 -0.87902079 -0.46057043 -0.87902079]
 [-0.71031496 -0.87902079 -0.46057043 -0.87902079]
 [ 0.19013933  0.49932295 -0.46057043 -0.87902079]
 [-0.46057043  0.10310433  0.19013933 -0.87902079]
 [ 0.19013933  0.10310433 -0.46057043 -0.87902079]
 [-0.46057043 -0.87902079 -0.46057043 -0.87902079]
 [-0.46057043 -0.87902079 -0.46057043 -0.87902079]
 [-0.46057043 -0.87902079 -0.46057043 -0.87902079]
 [-0.46057043 -0.87902079 -0.46057043 -0.87902079]
 [ 0.48401405  0.5088361  -0.58707272 -0.3671232 ]
 [-0.37947836  0.94992294  0.04770416 -0.96706231]
 [ 0.19013933  0.49932295 -0.71031496 -0.87902079]
 [ 0.19013933  0.49932295 -0.71031496 -0.87902079]
 [ 0.19013933  0.49932295 -0.71031496 -0.87902079]
 [-0.33878532 -0.10512952 -0.92899122 -0.66868811]
 [-0.00719954  0.73798889 -0.37270174 -0.46654459]
 [-0.54156849  0.57760541 -0.95554011 -0.53429319]]
Generation 10 fitnesses:
[109, 94, 110, 94, 94, 114, 94, 110, 110, 110, 2221, 2351, 2351, 2351, 2351, 2402, 2450, 2452, 2723, 2728, 2729, 2730, 2808, 6477, 4465, 9501, 7637, 22138, 27351, 54146]
Current best: [-0.54156849  0.57760541 -0.95554011 -0.53429319]
Current best fitness: 54146
Average fitness: 5513.366666666667
New Population:
 [[ 0.19013933  0.49932295  0.19013933  0.10310433]
 [ 0.19013933  0.49932295  0.19013933  0.49932295]
 [ 0.19013933  0.10310433  0.19013933  0.10310433]
 [ 0.19013933  0.49932295  0.19013933  0.49932295]
 [ 0.19013933  0.10310433  0.19013933  0.49932295]
 [ 0.19013933  0.10310433  0.19013933  0.10310433]
 [ 0.19013933  0.49932295  0.19013933  0.49932295]
 [ 0.19013933  0.49932295  0.19013933  0.10310433]
 [ 0.19013933  0.49932295  0.19013933  0.10310433]
 [ 0.19013933  0.10310433  0.19013933  0.10310433]
 [-0.46057043 -0.87902079 -0.71031496 -0.87902079]
 [-0.71031496 -0.87902079 -0.46057043 -0.87902079]
 [-0.71031496 -0.87902079 -0.46057043 -0.87902079]
 [-0.71031496 -0.87902079 -0.46057043 -0.87902079]
 [-0.71031496 -0.87902079 -0.46057043 -0.87902079]
 [ 0.19013933  0.49932295 -0.46057043 -0.87902079]
 [-0.46057043  0.10310433  0.19013933 -0.87902079]
 [ 0.19013933  0.10310433 -0.46057043 -0.87902079]
 [-0.46057043 -0.87902079 -0.46057043 -0.87902079]
 [-0.46057043 -0.87902079 -0.46057043 -0.87902079]
 [-0.46057043 -0.87902079 -0.46057043 -0.87902079]
 [-0.46057043 -0.87902079 -0.46057043 -0.87902079]
 [ 0.48401405  0.5088361  -0.58707272 -0.3671232 ]
 [-0.37947836  0.94992294  0.04770416 -0.96706231]
 [ 0.19013933  0.49932295 -0.71031496 -0.87902079]
 [ 0.19013933  0.49932295 -0.71031496 -0.87902079]
 [ 0.19013933  0.49932295 -0.71031496 -0.87902079]
 [-0.33878532 -0.10512952 -0.92899122 -0.66868811]
 [-0.00719954  0.73798889 -0.37270174 -0.46654459]
 [-0.54156849  0.57760541 -0.95554011 -0.53429319]]
Generation 11 fitnesses:
[112, 108, 93, 113, 93, 108, 113, 94, 94, 108, 2218, 2348, 2349, 2347, 2347, 2401, 2446, 2448, 2731, 2732, 2731, 2731, 2811, 7638, 4751, 5878, 5630, 19229, 26242, 53686]
Current best: [-0.54156849  0.57760541 -0.95554011 -0.53429319]
Current best fitness: 53686
Average fitness: 5224.333333333333
New Population:
 [[ 0.19013933  0.10310433  0.19013933  0.10310433]
 [ 0.19013933  0.10310433  0.19013933  0.10310433]
 [ 0.19013933  0.10310433  0.19013933  0.49932295]
 [ 0.19013933  0.49932295  0.19013933  0.10310433]
 [ 0.19013933  0.10310433  0.19013933  0.49932295]
 [ 0.19013933  0.10310433  0.19013933  0.10310433]
 [ 0.19013933  0.49932295  0.19013933  0.10310433]
 [ 0.19013933  0.49932295  0.19013933  0.49932295]
 [ 0.19013933  0.49932295  0.19013933  0.49932295]
 [ 0.19013933  0.49932295  0.19013933  0.10310433]
 [-0.46057043 -0.87902079 -0.71031496 -0.87902079]
 [-0.71031496 -0.87902079 -0.46057043 -0.87902079]
 [-0.71031496 -0.87902079 -0.46057043 -0.87902079]
 [-0.71031496 -0.87902079 -0.46057043 -0.87902079]
 [-0.71031496 -0.87902079 -0.46057043 -0.87902079]
 [ 0.19013933  0.49932295 -0.46057043 -0.87902079]
 [-0.46057043  0.10310433  0.19013933 -0.87902079]
 [ 0.19013933  0.10310433 -0.46057043 -0.87902079]
 [-0.46057043 -0.87902079 -0.46057043 -0.87902079]
 [-0.46057043 -0.87902079 -0.46057043 -0.87902079]
 [-0.46057043 -0.87902079 -0.46057043 -0.87902079]
 [-0.46057043 -0.87902079 -0.46057043 -0.87902079]
 [ 0.48401405  0.5088361  -0.58707272 -0.3671232 ]
 [ 0.19013933  0.49932295 -0.71031496 -0.87902079]
 [-0.37947836  0.94992294  0.04770416 -0.96706231]
 [ 0.19013933  0.49932295 -0.71031496 -0.87902079]
 [ 0.19013933  0.49932295 -0.71031496 -0.87902079]
 [-0.33878532 -0.10512952 -0.92899122 -0.66868811]
 [-0.00719954  0.73798889 -0.37270174 -0.46654459]
 [-0.54156849  0.57760541 -0.95554011 -0.53429319]]
Generation 12 fitnesses:
[107, 113, 108, 113, 113, 113, 113, 108, 93, 108, 2221, 2348, 2348, 2350, 2350, 2397, 2445, 2450, 2730, 2732, 2733, 2732, 2810, 6485, 9515, 9520, 9514, 18774, 26272, 53620]
Current best: [-0.54156849  0.57760541 -0.95554011 -0.53429319]
Current best fitness: 53620
Average fitness: 5581.166666666667
New Population:
 [[ 0.19013933  0.49932295  0.19013933  0.10310433]
 [ 0.19013933  0.49932295  0.19013933  0.10310433]
 [ 0.19013933  0.10310433  0.19013933  0.10310433]
 [ 0.19013933  0.10310433  0.19013933  0.10310433]
 [ 0.19013933  0.10310433  0.19013933  0.10310433]
 [ 0.19013933  0.10310433  0.19013933  0.10310433]
 [ 0.19013933  0.10310433  0.19013933  0.10310433]
 [ 0.19013933  0.10310433  0.19013933  0.10310433]
 [ 0.19013933  0.10310433  0.19013933  0.49932295]
 [ 0.19013933  0.10310433  0.19013933  0.10310433]
 [-0.46057043 -0.87902079 -0.71031496 -0.87902079]
 [-0.71031496 -0.87902079 -0.46057043 -0.87902079]
 [-0.71031496 -0.87902079 -0.46057043 -0.87902079]
 [-0.71031496 -0.87902079 -0.46057043 -0.87902079]
 [-0.71031496 -0.87902079 -0.46057043 -0.87902079]
 [ 0.19013933  0.49932295 -0.46057043 -0.87902079]
 [-0.46057043  0.10310433  0.19013933 -0.87902079]
 [ 0.19013933  0.10310433 -0.46057043 -0.87902079]
 [-0.46057043 -0.87902079 -0.46057043 -0.87902079]
 [-0.46057043 -0.87902079 -0.46057043 -0.87902079]
 [-0.46057043 -0.87902079 -0.46057043 -0.87902079]
 [-0.46057043 -0.87902079 -0.46057043 -0.87902079]
 [ 0.48401405  0.5088361  -0.58707272 -0.3671232 ]
 [-0.37947836  0.94992294  0.04770416 -0.96706231]
 [ 0.19013933  0.49932295 -0.71031496 -0.87902079]
 [ 0.19013933  0.49932295 -0.71031496 -0.87902079]
 [ 0.19013933  0.49932295 -0.71031496 -0.87902079]
 [-0.33878532 -0.10512952 -0.92899122 -0.66868811]
 [-0.00719954  0.73798889 -0.37270174 -0.46654459]
 [-0.54156849  0.57760541 -0.95554011 -0.53429319]]
Generation 13 fitnesses:
[109, 110, 94, 110, 110, 110, 110, 110, 110, 110, 2223, 2350, 2348, 2350, 2350, 2402, 2450, 2450, 2733, 2734, 2734, 2734, 2812, 6478, 7645, 9525, 9513, 18795, 34953, 53737]
Current best: [-0.54156849  0.57760541 -0.95554011 -0.53429319]
Current best fitness: 53737
Average fitness: 5813.3
New Population:
 [[ 0.19013933  0.49932295  0.19013933  0.10310433]
 [ 0.19013933  0.10310433  0.19013933  0.10310433]
 [ 0.19013933  0.10310433  0.19013933  0.49932295]
 [ 0.19013933  0.49932295  0.19013933  0.10310433]
 [ 0.19013933  0.10310433  0.19013933  0.10310433]
 [ 0.19013933  0.49932295  0.19013933  0.10310433]
 [ 0.19013933  0.49932295  0.19013933  0.10310433]
 [ 0.19013933  0.49932295  0.19013933  0.10310433]
 [ 0.19013933  0.10310433  0.19013933  0.10310433]
 [ 0.19013933  0.10310433  0.19013933  0.10310433]
 [-0.46057043 -0.87902079 -0.71031496 -0.87902079]
 [-0.71031496 -0.87902079 -0.46057043 -0.87902079]
 [-0.71031496 -0.87902079 -0.46057043 -0.87902079]
 [-0.71031496 -0.87902079 -0.46057043 -0.87902079]
 [-0.71031496 -0.87902079 -0.46057043 -0.87902079]
 [ 0.19013933  0.49932295 -0.46057043 -0.87902079]
 [-0.46057043  0.10310433  0.19013933 -0.87902079]
 [ 0.19013933  0.10310433 -0.46057043 -0.87902079]
 [-0.46057043 -0.87902079 -0.46057043 -0.87902079]
 [-0.46057043 -0.87902079 -0.46057043 -0.87902079]
 [-0.46057043 -0.87902079 -0.46057043 -0.87902079]
 [-0.46057043 -0.87902079 -0.46057043 -0.87902079]
 [ 0.48401405  0.5088361  -0.58707272 -0.3671232 ]
 [-0.37947836  0.94992294  0.04770416 -0.96706231]
 [ 0.19013933  0.49932295 -0.71031496 -0.87902079]
 [ 0.19013933  0.49932295 -0.71031496 -0.87902079]
 [ 0.19013933  0.49932295 -0.71031496 -0.87902079]
 [-0.33878532 -0.10512952 -0.92899122 -0.66868811]
 [-0.00719954  0.73798889 -0.37270174 -0.46654459]
 [-0.54156849  0.57760541 -0.95554011 -0.53429319]]
Generation 14 fitnesses:
[93, 109, 110, 94, 110, 94, 113, 94, 110, 110, 2221, 2350, 2351, 2351, 2351, 2402, 2451, 2452, 2734, 2735, 2734, 2735, 2812, 5225, 9527, 9523, 9525, 18791, 32939, 53705]
Current best: [-0.54156849  0.57760541 -0.95554011 -0.53429319]
Current best fitness: 53705
Average fitness: 5765.033333333334
New Population:
 [[ 0.19013933  0.10310433  0.19013933  0.49932295]
 [ 0.19013933  0.10310433  0.19013933  0.10310433]
 [ 0.19013933  0.10310433  0.19013933  0.10310433]
 [ 0.19013933  0.49932295  0.19013933  0.49932295]
 [ 0.19013933  0.10310433  0.19013933  0.10310433]
 [ 0.19013933  0.10310433  0.19013933  0.49932295]
 [ 0.19013933  0.10310433  0.19013933  0.10310433]
 [ 0.19013933  0.49932295  0.19013933  0.49932295]
 [ 0.19013933  0.49932295  0.19013933  0.10310433]
 [ 0.19013933  0.10310433  0.19013933  0.10310433]
 [-0.46057043 -0.87902079 -0.71031496 -0.87902079]
 [-0.71031496 -0.87902079 -0.46057043 -0.87902079]
 [-0.71031496 -0.87902079 -0.46057043 -0.87902079]
 [-0.71031496 -0.87902079 -0.46057043 -0.87902079]
 [-0.71031496 -0.87902079 -0.46057043 -0.87902079]
 [ 0.19013933  0.49932295 -0.46057043 -0.87902079]
 [-0.46057043  0.10310433  0.19013933 -0.87902079]
 [ 0.19013933  0.10310433 -0.46057043 -0.87902079]
 [-0.46057043 -0.87902079 -0.46057043 -0.87902079]
 [-0.46057043 -0.87902079 -0.46057043 -0.87902079]
 [-0.46057043 -0.87902079 -0.46057043 -0.87902079]
 [-0.46057043 -0.87902079 -0.46057043 -0.87902079]
 [ 0.48401405  0.5088361  -0.58707272 -0.3671232 ]
 [-0.37947836  0.94992294  0.04770416 -0.96706231]
 [ 0.19013933  0.49932295 -0.71031496 -0.87902079]
 [ 0.19013933  0.49932295 -0.71031496 -0.87902079]
 [ 0.19013933  0.49932295 -0.71031496 -0.87902079]
 [-0.33878532 -0.10512952 -0.92899122 -0.66868811]
 [-0.00719954  0.73798889 -0.37270174 -0.46654459]
 [-0.54156849  0.57760541 -0.95554011 -0.53429319]]
Generation 15 fitnesses:
[109, 110, 94, 114, 113, 114, 114, 94, 93, 110, 2222, 2351, 2351, 2350, 2349, 2398, 2450, 2451, 2734, 2732, 2732, 2734, 2812, 6242, 9524, 9856, 9524, 18800, 34956, 53723]
Current best: [-0.54156849  0.57760541 -0.95554011 -0.53429319]
Current best fitness: 53723
Average fitness: 5878.533333333334
New Population:
 [[ 0.19013933  0.10310433  0.19013933  0.10310433]
 [ 0.19013933  0.10310433  0.19013933  0.10310433]
 [ 0.19013933  0.10310433  0.19013933  0.49932295]
 [ 0.19013933  0.10310433  0.19013933  0.10310433]
 [ 0.19013933  0.49932295  0.19013933  0.10310433]
 [ 0.19013933  0.10310433  0.19013933  0.10310433]
 [ 0.19013933  0.10310433  0.19013933  0.10310433]
 [ 0.19013933  0.10310433  0.19013933  0.49932295]
 [ 0.19013933  0.10310433  0.19013933  0.49932295]
 [ 0.19013933  0.10310433  0.19013933  0.10310433]
 [-0.46057043 -0.87902079 -0.71031496 -0.87902079]
 [-0.71031496 -0.87902079 -0.46057043 -0.87902079]
 [-0.71031496 -0.87902079 -0.46057043 -0.87902079]
 [-0.71031496 -0.87902079 -0.46057043 -0.87902079]
 [-0.71031496 -0.87902079 -0.46057043 -0.87902079]
 [ 0.19013933  0.49932295 -0.46057043 -0.87902079]
 [-0.46057043  0.10310433  0.19013933 -0.87902079]
 [ 0.19013933  0.10310433 -0.46057043 -0.87902079]
 [-0.46057043 -0.87902079 -0.46057043 -0.87902079]
 [-0.46057043 -0.87902079 -0.46057043 -0.87902079]
 [-0.46057043 -0.87902079 -0.46057043 -0.87902079]
 [-0.46057043 -0.87902079 -0.46057043 -0.87902079]
 [ 0.48401405  0.5088361  -0.58707272 -0.3671232 ]
 [-0.37947836  0.94992294  0.04770416 -0.96706231]
 [ 0.19013933  0.49932295 -0.71031496 -0.87902079]
 [ 0.19013933  0.49932295 -0.71031496 -0.87902079]
 [ 0.19013933  0.49932295 -0.71031496 -0.87902079]
 [-0.33878532 -0.10512952 -0.92899122 -0.66868811]
 [-0.00719954  0.73798889 -0.37270174 -0.46654459]
 [-0.54156849  0.57760541 -0.95554011 -0.53429319]]
Generation 16 fitnesses:
[109, 113, 110, 110, 110, 110, 110, 110, 94, 110, 2220, 2345, 2347, 2349, 2350, 2399, 2449, 2448, 2732, 2733, 2733, 2733, 2812, 4758, 9851, 9523, 9522, 18805, 28604, 53720]
Current best: [-0.54156849  0.57760541 -0.95554011 -0.53429319]
Current best fitness: 53720
Average fitness: 5617.3
New Population:
 [[ 0.19013933  0.49932295  0.19013933  0.10310433]
 [ 0.19013933  0.10310433  0.19013933  0.10310433]
 [ 0.19013933  0.10310433  0.19013933  0.10310433]
 [ 0.19013933  0.10310433  0.19013933  0.10310433]
 [ 0.19013933  0.10310433  0.19013933  0.10310433]
 [ 0.19013933  0.10310433  0.19013933  0.10310433]
 [ 0.19013933  0.10310433  0.19013933  0.10310433]
 [ 0.19013933  0.10310433  0.19013933  0.10310433]
 [ 0.19013933  0.10310433  0.19013933  0.49932295]
 [ 0.19013933  0.10310433  0.19013933  0.10310433]
 [-0.46057043 -0.87902079 -0.71031496 -0.87902079]
 [-0.71031496 -0.87902079 -0.46057043 -0.87902079]
 [-0.71031496 -0.87902079 -0.46057043 -0.87902079]
 [-0.71031496 -0.87902079 -0.46057043 -0.87902079]
 [-0.71031496 -0.87902079 -0.46057043 -0.87902079]
 [ 0.19013933  0.49932295 -0.46057043 -0.87902079]
 [-0.46057043  0.10310433  0.19013933 -0.87902079]
 [ 0.19013933  0.10310433 -0.46057043 -0.87902079]
 [-0.46057043 -0.87902079 -0.46057043 -0.87902079]
 [-0.46057043 -0.87902079 -0.46057043 -0.87902079]
 [-0.46057043 -0.87902079 -0.46057043 -0.87902079]
 [-0.46057043 -0.87902079 -0.46057043 -0.87902079]
 [ 0.48401405  0.5088361  -0.58707272 -0.3671232 ]
 [-0.37947836  0.94992294  0.04770416 -0.96706231]
 [ 0.19013933  0.49932295 -0.71031496 -0.87902079]
 [ 0.19013933  0.49932295 -0.71031496 -0.87902079]
 [ 0.19013933  0.49932295 -0.71031496 -0.87902079]
 [-0.33878532 -0.10512952 -0.92899122 -0.66868811]
 [-0.00719954  0.73798889 -0.37270174 -0.46654459]
 [-0.54156849  0.57760541 -0.95554011 -0.53429319]]
Generation 17 fitnesses:
[109, 110, 110, 110, 110, 110, 113, 110, 110, 110, 2223, 2350, 2349, 2350, 2350, 2399, 2450, 2449, 2733, 2734, 2734, 2732, 2812, 6246, 9517, 9525, 9527, 18803, 34954, 53723]
Current best: [-0.54156849  0.57760541 -0.95554011 -0.53429319]
Current best fitness: 53723
Average fitness: 5868.733333333334
New Population:
 [[ 0.19013933  0.49932295  0.19013933  0.10310433]
 [ 0.19013933  0.10310433  0.19013933  0.10310433]
 [ 0.19013933  0.10310433  0.19013933  0.10310433]
 [ 0.19013933  0.49932295  0.19013933  0.10310433]
 [ 0.19013933  0.10310433  0.19013933  0.10310433]
 [ 0.19013933  0.10310433  0.19013933  0.10310433]
 [ 0.19013933  0.10310433  0.19013933  0.10310433]
 [ 0.19013933  0.10310433  0.19013933  0.10310433]
 [ 0.19013933  0.49932295  0.19013933  0.10310433]
 [ 0.19013933  0.10310433  0.19013933  0.10310433]
 [-0.46057043 -0.87902079 -0.71031496 -0.87902079]
 [-0.71031496 -0.87902079 -0.46057043 -0.87902079]
 [-0.71031496 -0.87902079 -0.46057043 -0.87902079]
 [-0.71031496 -0.87902079 -0.46057043 -0.87902079]
 [-0.71031496 -0.87902079 -0.46057043 -0.87902079]
 [ 0.19013933  0.49932295 -0.46057043 -0.87902079]
 [ 0.19013933  0.10310433 -0.46057043 -0.87902079]
 [-0.46057043  0.10310433  0.19013933 -0.87902079]
 [-0.46057043 -0.87902079 -0.46057043 -0.87902079]
 [-0.46057043 -0.87902079 -0.46057043 -0.87902079]
 [-0.46057043 -0.87902079 -0.46057043 -0.87902079]
 [-0.46057043 -0.87902079 -0.46057043 -0.87902079]
 [ 0.48401405  0.5088361  -0.58707272 -0.3671232 ]
 [-0.37947836  0.94992294  0.04770416 -0.96706231]
 [ 0.19013933  0.49932295 -0.71031496 -0.87902079]
 [ 0.19013933  0.49932295 -0.71031496 -0.87902079]
 [ 0.19013933  0.49932295 -0.71031496 -0.87902079]
 [-0.33878532 -0.10512952 -0.92899122 -0.66868811]
 [-0.00719954  0.73798889 -0.37270174 -0.46654459]
 [-0.54156849  0.57760541 -0.95554011 -0.53429319]]
Generation 18 fitnesses:
[109, 114, 110, 110, 110, 110, 110, 110, 110, 110, 2223, 2350, 2350, 2350, 2350, 2401, 2450, 2451, 2734, 2734, 2733, 2734, 2812, 4756, 9517, 9522, 9521, 18805, 34953, 53724]
Current best: [-0.54156849  0.57760541 -0.95554011 -0.53429319]
Current best fitness: 53724
Average fitness: 5819.1
New Population:
 [[ 0.19013933  0.10310433  0.19013933  0.10310433]
 [ 0.19013933  0.10310433  0.19013933  0.10310433]
 [ 0.19013933  0.10310433  0.19013933  0.10310433]
 [ 0.19013933  0.10310433  0.19013933  0.10310433]
 [ 0.19013933  0.10310433  0.19013933  0.10310433]
 [ 0.19013933  0.10310433  0.19013933  0.10310433]
 [ 0.19013933  0.10310433  0.19013933  0.10310433]
 [ 0.19013933  0.10310433  0.19013933  0.10310433]
 [ 0.19013933  0.49932295  0.19013933  0.10310433]
 [ 0.19013933  0.49932295  0.19013933  0.10310433]
 [-0.46057043 -0.87902079 -0.71031496 -0.87902079]
 [-0.71031496 -0.87902079 -0.46057043 -0.87902079]
 [-0.71031496 -0.87902079 -0.46057043 -0.87902079]
 [-0.71031496 -0.87902079 -0.46057043 -0.87902079]
 [-0.71031496 -0.87902079 -0.46057043 -0.87902079]
 [ 0.19013933  0.49932295 -0.46057043 -0.87902079]
 [-0.46057043  0.10310433  0.19013933 -0.87902079]
 [ 0.19013933  0.10310433 -0.46057043 -0.87902079]
 [-0.46057043 -0.87902079 -0.46057043 -0.87902079]
 [-0.46057043 -0.87902079 -0.46057043 -0.87902079]
 [-0.46057043 -0.87902079 -0.46057043 -0.87902079]
 [-0.46057043 -0.87902079 -0.46057043 -0.87902079]
 [ 0.48401405  0.5088361  -0.58707272 -0.3671232 ]
 [-0.37947836  0.94992294  0.04770416 -0.96706231]
 [ 0.19013933  0.49932295 -0.71031496 -0.87902079]
 [ 0.19013933  0.49932295 -0.71031496 -0.87902079]
 [ 0.19013933  0.49932295 -0.71031496 -0.87902079]
 [-0.33878532 -0.10512952 -0.92899122 -0.66868811]
 [-0.00719954  0.73798889 -0.37270174 -0.46654459]
 [-0.54156849  0.57760541 -0.95554011 -0.53429319]]
Generation 19 fitnesses:
[110, 110, 110, 110, 113, 114, 110, 110, 110, 108, 2219, 2350, 2348, 2349, 2350, 2402, 2449, 2451, 2733, 2734, 2734, 2734, 2810, 5225, 9518, 9517, 9520, 18807, 29831, 53731]
Current best: [-0.54156849  0.57760541 -0.95554011 -0.53429319]
Current best fitness: 53731
Average fitness: 5663.9
New Population:
 [[ 0.19013933  0.10310433  0.19013933  0.10310433]
 [ 0.19013933  0.10310433  0.19013933  0.10310433]
 [ 0.19013933  0.10310433  0.19013933  0.10310433]
 [ 0.19013933  0.10310433  0.19013933  0.10310433]
 [ 0.19013933  0.10310433  0.19013933  0.10310433]
 [ 0.19013933  0.10310433  0.19013933  0.10310433]
 [ 0.19013933  0.10310433  0.19013933  0.10310433]
 [ 0.19013933  0.10310433  0.19013933  0.10310433]
 [ 0.19013933  0.10310433  0.19013933  0.10310433]
 [ 0.19013933  0.10310433  0.19013933  0.10310433]
 [-0.46057043 -0.87902079 -0.71031496 -0.87902079]
 [-0.71031496 -0.87902079 -0.46057043 -0.87902079]
 [-0.71031496 -0.87902079 -0.46057043 -0.87902079]
 [-0.71031496 -0.87902079 -0.46057043 -0.87902079]
 [-0.71031496 -0.87902079 -0.46057043 -0.87902079]
 [ 0.19013933  0.49932295 -0.46057043 -0.87902079]
 [-0.46057043  0.10310433  0.19013933 -0.87902079]
 [ 0.19013933  0.10310433 -0.46057043 -0.87902079]
 [-0.46057043 -0.87902079 -0.46057043 -0.87902079]
 [-0.46057043 -0.87902079 -0.46057043 -0.87902079]
 [-0.46057043 -0.87902079 -0.46057043 -0.87902079]
 [-0.46057043 -0.87902079 -0.46057043 -0.87902079]
 [ 0.48401405  0.5088361  -0.58707272 -0.3671232 ]
 [-0.37947836  0.94992294  0.04770416 -0.96706231]
 [ 0.19013933  0.49932295 -0.71031496 -0.87902079]
 [ 0.19013933  0.49932295 -0.71031496 -0.87902079]
 [ 0.19013933  0.49932295 -0.71031496 -0.87902079]
 [-0.33878532 -0.10512952 -0.92899122 -0.66868811]
 [-0.00719954  0.73798889 -0.37270174 -0.46654459]
 [-0.54156849  0.57760541 -0.95554011 -0.53429319]]
Generation 20 fitnesses:
[109, 114, 110, 110, 110, 110, 110, 110, 110, 110, 2223, 2350, 2350, 2350, 2350, 2402, 2450, 2451, 2734, 2734, 2733, 2732, 2812, 5223, 9856, 9517, 9518, 24298, 32302, 53734]
Current best: [-0.54156849  0.57760541 -0.95554011 -0.53429319]
Current best fitness: 53734
Average fitness: 5940.733333333334
New Population:
 [[ 0.19013933  0.10310433  0.19013933  0.10310433]
 [ 0.19013933  0.10310433  0.19013933  0.10310433]
 [ 0.19013933  0.10310433  0.19013933  0.10310433]
 [ 0.19013933  0.10310433  0.19013933  0.10310433]
 [ 0.19013933  0.10310433  0.19013933  0.10310433]
 [ 0.19013933  0.10310433  0.19013933  0.10310433]
 [ 0.19013933  0.10310433  0.19013933  0.10310433]
 [ 0.19013933  0.10310433  0.19013933  0.10310433]
 [ 0.19013933  0.10310433  0.19013933  0.10310433]
 [ 0.19013933  0.10310433  0.19013933  0.10310433]
 [-0.46057043 -0.87902079 -0.71031496 -0.87902079]
 [-0.71031496 -0.87902079 -0.46057043 -0.87902079]
 [-0.71031496 -0.87902079 -0.46057043 -0.87902079]
 [-0.71031496 -0.87902079 -0.46057043 -0.87902079]
 [-0.71031496 -0.87902079 -0.46057043 -0.87902079]
 [ 0.19013933  0.49932295 -0.46057043 -0.87902079]
 [-0.46057043  0.10310433  0.19013933 -0.87902079]
 [ 0.19013933  0.10310433 -0.46057043 -0.87902079]
 [-0.46057043 -0.87902079 -0.46057043 -0.87902079]
 [-0.46057043 -0.87902079 -0.46057043 -0.87902079]
 [-0.46057043 -0.87902079 -0.46057043 -0.87902079]
 [-0.46057043 -0.87902079 -0.46057043 -0.87902079]
 [ 0.48401405  0.5088361  -0.58707272 -0.3671232 ]
 [-0.37947836  0.94992294  0.04770416 -0.96706231]
 [ 0.19013933  0.49932295 -0.71031496 -0.87902079]
 [ 0.19013933  0.49932295 -0.71031496 -0.87902079]
 [ 0.19013933  0.49932295 -0.71031496 -0.87902079]
 [-0.33878532 -0.10512952 -0.92899122 -0.66868811]
 [-0.00719954  0.73798889 -0.37270174 -0.46654459]
 [-0.54156849  0.57760541 -0.95554011 -0.53429319]]
Generation 21 fitnesses:
[110, 110, 110, 110, 110, 110, 110, 110, 110, 110, 2221, 2351, 2351, 2351, 2351, 2402, 2451, 2452, 2735, 2735, 2734, 2735, 2813, 5231, 9531, 9527, 9526, 18806, 35701, 53706]
Current best: [-0.54156849  0.57760541 -0.95554011 -0.53429319]
Current best fitness: 53706
Average fitness: 5860.333333333333
New Population:
 [[ 0.19013933  0.10310433  0.19013933  0.10310433]
 [ 0.19013933  0.10310433  0.19013933  0.10310433]
 [ 0.19013933  0.10310433  0.19013933  0.10310433]
 [ 0.19013933  0.10310433  0.19013933  0.10310433]
 [ 0.19013933  0.10310433  0.19013933  0.10310433]
 [ 0.19013933  0.10310433  0.19013933  0.10310433]
 [ 0.19013933  0.10310433  0.19013933  0.10310433]
 [ 0.19013933  0.10310433  0.19013933  0.10310433]
 [ 0.19013933  0.10310433  0.19013933  0.10310433]
 [ 0.19013933  0.10310433  0.19013933  0.10310433]
 [-0.46057043 -0.87902079 -0.71031496 -0.87902079]
 [-0.71031496 -0.87902079 -0.46057043 -0.87902079]
 [-0.71031496 -0.87902079 -0.46057043 -0.87902079]
 [-0.71031496 -0.87902079 -0.46057043 -0.87902079]
 [-0.71031496 -0.87902079 -0.46057043 -0.87902079]
 [ 0.19013933  0.49932295 -0.46057043 -0.87902079]
 [-0.46057043  0.10310433  0.19013933 -0.87902079]
 [ 0.19013933  0.10310433 -0.46057043 -0.87902079]
 [-0.46057043 -0.87902079 -0.46057043 -0.87902079]
 [-0.46057043 -0.87902079 -0.46057043 -0.87902079]
 [-0.46057043 -0.87902079 -0.46057043 -0.87902079]
 [-0.46057043 -0.87902079 -0.46057043 -0.87902079]
 [ 0.48401405  0.5088361  -0.58707272 -0.3671232 ]
 [-0.37947836  0.94992294  0.04770416 -0.96706231]
 [ 0.19013933  0.49932295 -0.71031496 -0.87902079]
 [ 0.19013933  0.49932295 -0.71031496 -0.87902079]
 [ 0.19013933  0.49932295 -0.71031496 -0.87902079]
 [-0.33878532 -0.10512952 -0.92899122 -0.66868811]
 [-0.00719954  0.73798889 -0.37270174 -0.46654459]
 [-0.54156849  0.57760541 -0.95554011 -0.53429319]]
Generation 22 fitnesses:
[113, 114, 110, 114, 114, 113, 114, 113, 113, 114, 2222, 2350, 2350, 2349, 2350, 2400, 2449, 2451, 2734, 2734, 2734, 2729, 2810, 5219, 4456, 7646, 7626, 13116, 29785, 53544]
Current best: [-0.54156849  0.57760541 -0.95554011 -0.53429319]
Current best fitness: 53544
Average fitness: 5172.866666666667
New Population: 
 [[ 0.19013933  0.10310433  0.19013933  0.10310433]
 [ 0.19013933  0.10310433  0.19013933  0.10310433]
 [ 0.19013933  0.10310433  0.19013933  0.10310433]
 [ 0.19013933  0.10310433  0.19013933  0.10310433]
 [ 0.19013933  0.10310433  0.19013933  0.10310433]
 [ 0.19013933  0.10310433  0.19013933  0.10310433]
 [ 0.19013933  0.10310433  0.19013933  0.10310433]
 [ 0.19013933  0.10310433  0.19013933  0.10310433]
 [ 0.19013933  0.10310433  0.19013933  0.10310433]
 [ 0.19013933  0.10310433  0.19013933  0.10310433]
 [-0.46057043 -0.87902079 -0.71031496 -0.87902079]
 [-0.71031496 -0.87902079 -0.46057043 -0.87902079]
 [-0.71031496 -0.87902079 -0.46057043 -0.87902079]
 [-0.71031496 -0.87902079 -0.46057043 -0.87902079]
 [-0.71031496 -0.87902079 -0.46057043 -0.87902079]
 [ 0.19013933  0.49932295 -0.46057043 -0.87902079]
 [-0.46057043  0.10310433  0.19013933 -0.87902079]
 [ 0.19013933  0.10310433 -0.46057043 -0.87902079]
 [-0.46057043 -0.87902079 -0.46057043 -0.87902079]
 [-0.46057043 -0.87902079 -0.46057043 -0.87902079]
 [-0.46057043 -0.87902079 -0.46057043 -0.87902079]
 [-0.46057043 -0.87902079 -0.46057043 -0.87902079]
 [ 0.48401405  0.5088361  -0.58707272 -0.3671232 ]
 [-0.37947836  0.94992294  0.04770416 -0.96706231]
 [ 0.19013933  0.49932295 -0.71031496 -0.87902079]
 [ 0.19013933  0.49932295 -0.71031496 -0.87902079]
 [ 0.19013933  0.49932295 -0.71031496 -0.87902079]
 [-0.33878532 -0.10512952 -0.92899122 -0.66868811]
 [-0.00719954  0.73798889 -0.37270174 -0.46654459]
 [-0.54156849  0.57760541 -0.95554011 -0.53429319]]
Generation 23 fitnesses:
[106, 113, 113, 113, 113, 113, 113, 113, 113, 113, 2220, 2349, 2349, 2349, 2348, 2400, 2449, 2450, 2725, 2719, 2724, 2729, 2804, 6630, 6482, 9505, 9514, 18784, 30998, 50192]
Current best: [-0.54156849  0.57760541 -0.95554011 -0.53429319]
Current best fitness: 50192
Average fitness: 5528.1
New Population:
 [[ 0.19013933  0.10310433  0.19013933  0.10310433]
 [ 0.19013933  0.10310433  0.19013933  0.10310433]
 [ 0.19013933  0.10310433  0.19013933  0.10310433]
 [ 0.19013933  0.10310433  0.19013933  0.10310433]
 [ 0.19013933  0.10310433  0.19013933  0.10310433]
 [ 0.19013933  0.10310433  0.19013933  0.10310433]
 [ 0.19013933  0.10310433  0.19013933  0.10310433]
 [ 0.19013933  0.10310433  0.19013933  0.10310433]
 [ 0.19013933  0.10310433  0.19013933  0.10310433]
 [ 0.19013933  0.10310433  0.19013933  0.10310433]
 [-0.46057043 -0.87902079 -0.71031496 -0.87902079]
 [-0.71031496 -0.87902079 -0.46057043 -0.87902079]
 [-0.71031496 -0.87902079 -0.46057043 -0.87902079]
 [-0.71031496 -0.87902079 -0.46057043 -0.87902079]
 [-0.71031496 -0.87902079 -0.46057043 -0.87902079]
 [ 0.19013933  0.49932295 -0.46057043 -0.87902079]
 [-0.46057043  0.10310433  0.19013933 -0.87902079]
 [ 0.19013933  0.10310433 -0.46057043 -0.87902079]
 [-0.46057043 -0.87902079 -0.46057043 -0.87902079]
 [-0.46057043 -0.87902079 -0.46057043 -0.87902079]
 [-0.46057043 -0.87902079 -0.46057043 -0.87902079]
 [-0.46057043 -0.87902079 -0.46057043 -0.87902079]
 [ 0.48401405  0.5088361  -0.58707272 -0.3671232 ]
 [ 0.19013933  0.49932295 -0.71031496 -0.87902079]
 [-0.37947836  0.94992294  0.04770416 -0.96706231]
 [ 0.19013933  0.49932295 -0.71031496 -0.87902079]
 [ 0.19013933  0.49932295 -0.71031496 -0.87902079]
 [-0.33878532 -0.10512952 -0.92899122 -0.66868811]
 [-0.00719954  0.73798889 -0.37270174 -0.46654459]
 [-0.54156849  0.57760541 -0.95554011 -0.53429319]]
Generation 24 fitnesses:
[108, 112, 112, 108, 109, 107, 109, 113, 108, 113, 2222, 2349, 2348, 2343, 2347, 2377, 2426, 2430, 2733, 2729, 2733, 2730, 2808, 6470, 9487, 4668, 4451, 9295, 26156, 54365]
Current best: [-0.54156849  0.57760541 -0.95554011 -0.53429319]
Current best fitness: 54365
Average fitness: 4952.2
New Population:
 [[ 0.19013933  0.10310433  0.19013933  0.10310433]
 [ 0.19013933  0.10310433  0.19013933  0.10310433]
 [ 0.19013933  0.10310433  0.19013933  0.10310433]
 [ 0.19013933  0.10310433  0.19013933  0.10310433]
 [ 0.19013933  0.10310433  0.19013933  0.10310433]
 [ 0.19013933  0.10310433  0.19013933  0.10310433]
 [ 0.19013933  0.10310433  0.19013933  0.10310433]
 [ 0.19013933  0.10310433  0.19013933  0.10310433]
 [ 0.19013933  0.10310433  0.19013933  0.10310433]
 [ 0.19013933  0.10310433  0.19013933  0.10310433]
 [-0.46057043 -0.87902079 -0.71031496 -0.87902079]
 [-0.71031496 -0.87902079 -0.46057043 -0.87902079]
 [-0.71031496 -0.87902079 -0.46057043 -0.87902079]
 [-0.71031496 -0.87902079 -0.46057043 -0.87902079]
 [-0.71031496 -0.87902079 -0.46057043 -0.87902079]
 [ 0.19013933  0.49932295 -0.46057043 -0.87902079]
 [-0.46057043  0.10310433  0.19013933 -0.87902079]
 [ 0.19013933  0.10310433 -0.46057043 -0.87902079]
 [-0.46057043 -0.87902079 -0.46057043 -0.87902079]
 [-0.46057043 -0.87902079 -0.46057043 -0.87902079]
 [-0.46057043 -0.87902079 -0.46057043 -0.87902079]
 [-0.46057043 -0.87902079 -0.46057043 -0.87902079]
 [ 0.48401405  0.5088361  -0.58707272 -0.3671232 ]
 [-0.37947836  0.94992294  0.04770416 -0.96706231]
 [ 0.19013933  0.49932295 -0.71031496 -0.87902079]
 [ 0.19013933  0.49932295 -0.71031496 -0.87902079]
 [ 0.19013933  0.49932295 -0.71031496 -0.87902079]
 [-0.33878532 -0.10512952 -0.92899122 -0.66868811]
 [-0.00719954  0.73798889 -0.37270174 -0.46654459]
 [-0.54156849  0.57760541 -0.95554011 -0.53429319]]
Generation 25 fitnesses:
[112, 113, 108, 108, 114, 113, 113, 108, 108, 113, 2221, 2349, 2345, 2346, 2346, 2395, 2445, 2447, 2733, 2734, 2734, 2733, 2807, 9495, 7629, 6763, 22645, 9496, 29108, 51193]
Current best: [-0.54156849  0.57760541 -0.95554011 -0.53429319]
Current best fitness: 51193
Average fitness: 5669.133333333333
New Population:
 [[ 0.19013933  0.10310433  0.19013933  0.10310433]
 [ 0.19013933  0.10310433  0.19013933  0.10310433]
 [ 0.19013933  0.10310433  0.19013933  0.10310433]
 [ 0.19013933  0.10310433  0.19013933  0.10310433]
 [ 0.19013933  0.10310433  0.19013933  0.10310433]
 [ 0.19013933  0.10310433  0.19013933  0.10310433]
 [ 0.19013933  0.10310433  0.19013933  0.10310433]
 [ 0.19013933  0.10310433  0.19013933  0.10310433]
 [ 0.19013933  0.10310433  0.19013933  0.10310433]
 [ 0.19013933  0.10310433  0.19013933  0.10310433]
 [-0.46057043 -0.87902079 -0.71031496 -0.87902079]
 [-0.71031496 -0.87902079 -0.46057043 -0.87902079]
 [-0.71031496 -0.87902079 -0.46057043 -0.87902079]
 [-0.71031496 -0.87902079 -0.46057043 -0.87902079]
 [-0.71031496 -0.87902079 -0.46057043 -0.87902079]
 [-0.71031496 -0.87902079 -0.46057043 -0.87902079]
 [-0.71031496 -0.87902079 -0.46057043 -0.87902079]
 [-0.71031496 -0.87902079 -0.46057043 -0.87902079]
 [ 0.19013933  0.49932295 -0.46057043 -0.87902079]
 [-0.46057043  0.10310433  0.19013933 -0.87902079]
 [ 0.19013933  0.10310433 -0.46057043 -0.87902079]
 [-0.46057043 -0.87902079 -0.46057043 -0.87902079]
 [-0.46057043 -0.87902079 -0.46057043 -0.87902079]
 [-0.46057043 -0.87902079 -0.46057043 -0.87902079]
 [-0.46057043 -0.87902079 -0.46057043 -0.87902079]
 [ 0.48401405  0.5088361  -0.58707272 -0.3671232 ]
 [ 0.19013933  0.49932295 -0.71031496 -0.87902079]
 [ 0.19013933  0.49932295 -0.71031496 -0.87902079]
 [-0.37947836  0.94992294  0.04770416 -0.96706231]
 [-0.33878532 -0.10512952 -0.92899122 -0.66868811]
 [ 0.19013933  0.49932295 -0.71031496 -0.87902079]
 [-0.00719954  0.73798889 -0.37270174 -0.46654459]
 [-0.54156849  0.57760541 -0.95554011 -0.53429319]]
Best solution :  [-0.54156849  0.57760541 -0.95554011 -0.53429319]
Best solution fitness :  51193