new population: 
 [[ 0.67638376 -1.03537673 -0.95040294  2.24262282]
 [-1.31135711 -2.2984651  -2.80819604  0.91025632]
 [ 0.39122448 -2.97364591 -0.73341652 -0.64396   ]
 [ 2.26693033 -0.61240109 -1.87102161 -1.38243977]
 [-2.35884225  0.95179131 -1.37847553 -1.9678068 ]
 [ 2.397312   -1.1432648  -2.55038535 -1.57590188]
 [-2.83294054  1.78159148  0.01721485  1.1717651 ]
 [-1.29797221 -2.58202758 -1.76698641  2.43346804]
 [ 1.44700079 -2.38029114 -0.24102036 -2.68342911]
 [-2.58342713  2.06621555  0.5999894  -0.4458604 ]] 
Original Generation fitnesses: 
 [196, 214, 426, 276, 112117, 433, 165, 182, 188, 144266] 
Generation 1 fitnesses: [145858, 50315, 227, 143113, 223, 149, 142853, 132, 142459, 216]
current best [-2.58342713  2.06621555  0.5999894  -0.4458604 ]
Generation 2 fitnesses: [143838, 144185, 149825, 96, 214, 126, 230, 116, 151278, 93]
current best [-2.35884225  2.06621555 -2.58342713 -0.4458604 ]
Generation 3 fitnesses: [144713, 147108, 219, 147108, 218, 144773, 148803, 214, 145814, 142914]
current best [-2.58342713  2.06621555 -2.35884225 -0.4458604 ]
Generation 4 fitnesses: [150246, 154953, 149, 230, 159, 194, 148192, 237, 188, 229]
current best [-2.35884225  2.06621555 -2.58342713 -0.4458604 ]
Best solution: [-2.35884225  2.06621555 -2.58342713 -0.4458604 ]
best solution fitness: 154953
